liquid,pipette,volume,aspiration_rate,dispense_rate,blow_out_rate,delay_aspirate,delay_dispense,delay_blow_out,touch_tip_aspirate,touch_tip_dispense,density,time,mi,mf,m,%error,Transfer_Observation,Comment
Viscosity_std_check,p1000,1000,175,175,0,2,2,0,TRUE,FALSE,0.8181,21.46464586,20.1876,21.0067,0.8191,0.122234446,3.320:Within tolerance of 1000uL,
Viscosity_std_check,p1000,500,175,175,0,2,2,0,TRUE,FALSE,0.8181,14.40990472,21.0067,21.4211,0.4144,1.307908569,3.320:Within tolerance of 500uL,
Viscosity_std_check,p1000,300,175,175,0,2,2,0,TRUE,FALSE,0.8181,12.132833,21.4211,21.6651,0.244,-0.582650858,3.320:Within tolerance of 300uL,
Viscosity_std_check,p1000,1000,155,155,0,0,0,0,TRUE,FALSE,0.847,18.37383962,20.364,21.1742,0.8102,-4.344746163,28:incomplete aspiration,
Viscosity_std_check,p1000,1000,155,155,0,2,0,0,TRUE,FALSE,0.847,19.65514016,21.1742,22.0307,0.8565,1.121605667,28:Within tolerance of 1000uL,
Viscosity_std_check,p1000,500,155,155,0,2,0,0,TRUE,FALSE,0.847,13.24742079,22.0307,22.4531,0.4224,-0.25974026,28:Within tolerance of 500uL,
Viscosity_std_check,p1000,1000,120,120,0,5,1,0,TRUE,FALSE,0.8578,28.69678855,20.7427,21.52,0.7773,-9.384471905,99:incomplete aspiration,
Viscosity_std_check,p1000,1000,120,120,0,5,1,0,TRUE,FALSE,0.8578,27.37441444,21.52,22.3849,0.8649,0.827698764,99:Within tolerance of 1000uL,
Viscosity_std_check,p1000,500,155,155,5,2,0,0,TRUE,FALSE,0.8578,40.42509055,22.3849,22.8745,0.4896,14.1524831,99:error,
Viscosity_std_check,p1000,500,155,155,0,2,0,0,TRUE,FALSE,0.8578,13.98079586,22.8745,23.2644,0.3899,-9.093028678,99:error,
Viscosity_std_check,p1000,1000,120,120,0,5,1,0,TRUE,FALSE,0.8578,27.47818446,23.2644,24.1109,0.8465,-1.317323385,99:within tolerance of 1000uL,
Viscosity_std_check,p1000,500,120,120,0,5,1,0,TRUE,FALSE,0.8578,19.16662621,24.1109,24.5396,0.4287,-0.046630916,99:within tolerance of 500uL,
Viscosity_std_check,p1000,1000,70,70,5,0.5,0,0,TRUE,FALSE,0.8639,62.65871143,23.0934,23.8909,0.7975,-7.686074777,204:incomplete aspiration,
Viscosity_std_check,p1000,1000,70,70,5,3,1,0,TRUE,FALSE,0.8639,65.64303756,23.8909,24.7817,0.8908,3.113786318,204:excess aspiration,
Viscosity_std_check,p1000,1000,70,70,5,2,1,0,TRUE,FALSE,0.8639,64.6796658,24.7817,25.6707,0.889,2.905428869,,
Viscosity_std_check,p1000,1000,70,70,5,0.5,1,0,TRUE,FALSE,0.8639,63.18473482,25.6707,26.5454,0.8747,1.250144693,204:within tolerance of 1000uL,
Viscosity_std_check,p1000,500,70,70,5,0.5,1,0,TRUE,FALSE,0.8639,48.89866519,26.5454,27.0205,0.4751,9.989582128,,
Viscosity_std_check,p1000,500,70,70,5,0.5,1,0,TRUE,FALSE,0.8639,48.92719626,27.0205,27.4694,0.4489,3.924065285,,
Viscosity_std_check,p1000,500,70,70,5,0.5,1,0,TRUE,FALSE,0.8639,48.93682027,27.4694,27.9179,0.4485,3.831461975,,
Viscosity_std_check,p1000,500,70,70,5,0.25,1,0,TRUE,FALSE,0.8639,48.71206212,27.9179,28.3525,0.4346,0.613496933,204:within tolerance of 500uL,
Viscosity_std_check,p1000,1000,70,70,5,0.25,1,0,TRUE,FALSE,0.8639,63.04708505,28.3525,29.1944,0.8419,-2.546591041,,
Viscosity_std_check,p1000,1000,41,43,5,4,2.5,0,TRUE,FALSE,0.8683,88.24111557,21.1131,21.8748,0.7617,-12.27686284,505:incomplete aspiration,
Viscosity_std_check,p1000,1000,43,43,5,4,3,0,TRUE,FALSE,0.8683,86.71981311,21.8748,22.73,0.8552,-1.508695151,505:within tolerance of 1000uL,
Viscosity_std_check,p1000,500,43,43,5,4,3,0,TRUE,FALSE,0.8683,63.45052671,22.73,23.2037,0.4737,9.109754693,,
Viscosity_std_check,p1000,500,41,43,5,4,3,0,TRUE,FALSE,0.8683,64.14142871,23.2037,23.6615,0.4578,5.447426005,,
Viscosity_std_check,p1000,500,41,43,5,4,2.5,0,TRUE,FALSE,0.8683,63.68113041,23.6615,24.1162,0.4547,4.733387078,,
Viscosity_std_check,p1000,1000,9,3,0,3,3,0,TRUE,FALSE,0.8736,496.4085858,25.3827,26.2268,0.8441,-3.376831502,,
Viscosity_std_check,p1000,1000,8.5,3,0,3,3,0,TRUE,FALSE,0.8736,501.5697112,26.2268,27.0982,0.8714,-0.251831502,,
Viscosity_std_check,p1000,500,8.5,3,0,3,3,0,TRUE,FALSE,0.8736,258.3328183,27.0982,27.5341,0.4359,-0.206043956,1275:within tolerance of 1000uL and 500uL,
Viscosity_std_check,p1000,1000,3.75,3.5,5,6,5,0,TRUE,FALSE,0.8802,638.4516494,26.3494,27.0879,0.7385,-16.09861395,4801:incomplete aspiration,
Viscosity_std_check,p1000,1000,3.5,3.5,5,6,5,0,TRUE,FALSE,0.8802,677.6832418,27.0879,27.967,0.8791,-0.124971597,4801:within tolerance of 1000uL and 500uL,
Viscosity_std_check,p1000,1000,3,3,5,5,3,0,TRUE,FALSE,0.8819,780.5803978,27.2841,28.0345,0.7504,-14.91098764,5882:incomplete aspiration,
Viscosity_std_check,p1000,1000,2.5,3,5,5,3,0,TRUE,FALSE,0.8819,854.4855173,28.0345,28.9108,0.8763,-0.63499263,5882:within tolerance of 1000uL,
Viscosity_std_check,p1000,500,2.5,3,5,5,3,0,TRUE,FALSE,0.8819,453.1337659,28.9108,29.351,0.4402,-0.170087311,5882:within tolerance of 500uL,
Viscosity_std_check,p1000,1000,2.1,3,5,5,3,0,TRUE,FALSE,0.8726,966.7609794,23.8297,24.5932,0.7635,-12.502865,,
Viscosity_std_check,p1000,1000,175,175,0,2,2,0,TRUE,FALSE,0.8181,21.70670938,21.6513,22.4448,0.7935,-3.006967363,3:incomplete aspiration,
Viscosity_std_check,p1000,1000,175,175,0,2,2,0,TRUE,FALSE,0.8181,20.36024237,22.4448,23.2569,0.8121,-0.733406674,3:Within tolerance of 1000uL,
Viscosity_std_check,p1000,1000,175,175,0,2,2,0,TRUE,FALSE,0.8181,20.3674252,23.2569,24.0708,0.8139,-0.513384672,3:Within tolerance of 1000uL,
Viscosity_std_check,p1000,1000,175,175,0,2,2,0,TRUE,FALSE,0.8181,20.37819076,24.0708,24.8853,0.8145,-0.440044004,3:Within tolerance of 1000uL,
Viscosity_std_check,p1000,1000,155,155,0,2,0,0,TRUE,FALSE,0.847,21.06568503,22.4465,23.2494,0.8029,-5.20661157,28:incomplete aspiration,
Viscosity_std_check,p1000,1000,155,155,0,2,0,0,TRUE,FALSE,0.847,19.84908223,23.2494,24.0931,0.8437,-0.38961039,28:Within tolerance of 1000uL,
Viscosity_std_check,p1000,1000,155,155,0,2,0,0,TRUE,FALSE,0.847,19.89985013,24.0931,24.9365,0.8434,-0.425029516,28:Within tolerance of 1000uL,
Viscosity_std_check,p1000,1000,155,155,0,2,0,0,TRUE,FALSE,0.847,19.94921517,24.9365,25.7805,0.844,-0.354191263,28:Within tolerance of 1000uL,
Viscosity_std_check,p1000,500,155,155,0,2,0,0,TRUE,FALSE,0.847,13.51652241,25.7805,26.2021,0.4216,-0.448642267,28:Within tolerance of 500uL,
Viscosity_std_check,p1000,1000,43,43,5,4,2.5,0,TRUE,FALSE,0.8683,86.93855143,21.1653,21.9348,0.7695,-11.3785558,505:incomplete aspiration,
Viscosity_std_check,p1000,1000,41,43,5,4,2.5,0,TRUE,FALSE,0.8683,87.72304201,21.9348,22.7912,0.8564,-1.370494069,505:Within tolerance of 1000uL,
Viscosity_std_check,p1000,1000,41,43,5,4,2.5,0,TRUE,FALSE,0.8683,87.76346612,22.7912,23.6524,0.8612,-0.817689739,505:Within tolerance of 1000uL,
Viscosity_std_check,p1000,1000,3,3,6,5,3,0,TRUE,FALSE,0.8819,774.3509767,22.8147,23.5466,0.7319,-17.00873115,5882:incomplete aspiration,
Viscosity_std_check,p1000,1000,2.5,3,5,5,3,0,TRUE,FALSE,0.8819,854.4653029,23.5466,24.3984,0.8518,-3.413085384,5882:incomplete aspiration,
Viscosity_std_check,p1000,1000,2.5,3,5,6,3,0,TRUE,FALSE,0.8819,855.5326295,24.3984,25.2494,0.851,-3.503798617,5882:incomplete aspiration,
Viscosity_std_check,p1000,1000,2.4,3,5,6,3,0,TRUE,FALSE,0.8819,855.5178583,25.2494,26.0983,0.8489,-3.741920853,5882:incomplete aspiration,
Viscosity_std_check,p1000,1000,9,3,0,3,3,0,TRUE,FALSE,0.8736,496.5128384,27.5339,28.3693,0.8354,-4.372710623,1275:incomplete aspiration,
Viscosity_std_check,p1000,1000,8.5,3,0,3,3,0,TRUE,FALSE,0.8736,501.6332483,28.3693,29.2266,0.8573,-1.865842491,1275:Within tolerance of 1000uL,
Viscosity_std_check,p1000,1000,8.5,3,0,3,3,0,TRUE,FALSE,0.8736,501.70871,29.2266,30.0952,0.8686,-0.572344322,1275:Within tolerance of 1000uL,
Viscosity_std_check,p1000,1000,2.1,3,5,5,3,0,TRUE,FALSE,0.8726,966.8525927,24.5966,25.3726,0.776,-11.07036443,6695:incomplete aspiration,
Viscosity_std_check,p1000,1000,2.1,3,5,5,3,0,TRUE,FALSE,0.8726,966.2294531,25.3726,26.2576,0.885,1.421040568,6695:Within tolerance of 1000uL,
Viscosity_std_check,p1000,1000,2.1,3,5,5,3,0,TRUE,FALSE,0.8726,966.9334507,20.4129,21.1786,0.7657,-12.2507449,new 6695:incomplete aspiration,
Viscosity_std_check,p1000,1000,2.1,3,5,5,3,0,TRUE,FALSE,0.8726,966.2887158,21.1786,22.0464,0.8678,-0.55008022,new 6695:Within tolerance of 1000uL(pipette needs to be rinsed with liquid?),
Viscosity_std_check,p1000,1000,3.25,3.5,5,6,5,0,TRUE,FALSE,0.8802,678.0276003,24.8017,25.569,0.7673,-12.82663031,new 4801:incomplete aspiration(might be because its not rinsed-clean pipette),
Viscosity_std_check,p1000,1000,3.25,3.5,5,6,5,0,TRUE,FALSE,0.8802,677.6232014,25.569,26.4414,0.8724,-0.886162236,4801:Within tolerance of 1000uL,
Viscosity_std_check,p1000,1000,3.75,3.5,5,6,5,0,TRUE,FALSE,0.8802,637.7252152,26.4414,27.3093,0.8679,-1.39740968,4801:Within tolerance of 1000uL,
Viscosity_std_check,p1000,500,3.75,3.5,5,6,5,0,TRUE,FALSE,0.8802,344.5314424,27.3093,27.7433,0.434,-1.386048625,4801:Within tolerance of 500uL,
Viscosity_std_check,p1000,1000,3,3,7,5,3,0,TRUE,FALSE,0.8819,771.581398,26.0922,26.8516,0.7594,-13.89046377,5582:incomplete aspiration(trial1),
Viscosity_std_check,p1000,1000,3,3,7,5,3,0,TRUE,FALSE,0.8819,771.0665402,26.8516,27.6923,0.8407,-4.671731489,5582:incomplete aspiration(trial2),
Viscosity_std_check,p1000,1000,2.5,3,5,5,3,0,TRUE,FALSE,0.8819,854.6409943,27.6923,28.5678,0.8755,-0.725705862,5582:Within tolerance of 1000uL(trial3),
Viscosity_std_check,p1000,500,2.5,3,5,5,3,0,TRUE,FALSE,0.8819,453.3232226,28.5678,29.0057,0.4379,-0.6916884,5582:Within tolerance of 500uL(trial4),
Viscosity_std_check,p1000,1000,1.35,3,5,5,5,0,TRUE,FALSE,0.8826,1528.113001,22.9557,23.7461,0.7904,-10.44640834,7782:incomplete aspiration(trial1),
Viscosity_std_check,p1000,1000,1.35,3,5,5,5,0,TRUE,FALSE,0.8826,1527.40715,23.7461,24.6277,0.8816,-0.113301609,7782:Within tolerance of 1000uL(trial2),
Viscosity_std_check,p1000,1000,2,0.5,4,3,3,3,TRUE,FALSE,0.8844,2808.240194,23.5879,24.3982,0.8103,-8.378561737,9884:incomplete aspiration(trial1),
Viscosity_std_check,p1000,1000,53,53,5,2.83,3,0,TRUE,FALSE,0.8672,77.18252039,21.7324,22.49,0.7576,-12.63837638,398:incomplete aspiration(trial1),
Viscosity_std_check,p1000,1000,53,53,5,2.83,3,0,TRUE,FALSE,0.8672,76.55217171,22.49,23.3413,0.8513,-1.833487085,398:Within tolerance of 1000uL(trial2),
Viscosity_std_check,p1000,1000,53,53,5,2.83,3,0,TRUE,FALSE,0.8672,76.63440681,23.3413,24.2033,0.862,-0.599630996,398:Within tolerance of 1000uL(trial3),
Viscosity_std_check,p1000,500,53,53,5,2.83,3,0,TRUE,FALSE,0.8672,57.73043156,24.2033,24.6621,0.4588,5.811808118,398:not within tolerance of 500uL(trial4),
Viscosity_std_check,p1000,500,53,53,5,2.83,3,0,TRUE,FALSE,0.8672,57.75787616,24.6621,25.0999,0.4378,0.968634686,398:within tolerance of 500uL(trial5),
